      16
       4
       5
0.100000000000000006

5.000000000000000000
5.099999999999999645
5.200000000000000178
5.299999999999999822
5.400000000000000355
5.500000000000000000
5.599999999999999645
5.700000000000000178
5.799999999999999822
5.900000000000000355
6.000000000000000000
6.099999999999999645
6.200000000000000178
6.299999999999999822
6.400000000000000355
6.500000000000000000

0.244312623470669288
0.195999925942198616
0.157241039875940902
0.126146703894973677
0.101201257102605469
0.081188759776669478
0.065133723659091203
0.052253562800671699
0.041920447227227417
0.033630700023925771
0.026980246130692033
0.021644916125886499
0.017364644926782365
0.013930795189019438
0.011175987497394051
0.008965941631268792

-2.519087589670952365
-1.028673129524809493
0.156835343562117924
0.402529550301263361
-2.247910408263880111
-0.819503504302258712
0.280746630265228614
0.525740507018815029
-1.983590418930142985
-0.614976248588692265
0.404657916968341080
0.648951463736367806
-1.726127621669747203
-0.415091362384113260
0.528569203671451993
0.772162420453919696
-1.475522016482688770
-0.219848845688519035
0.652480490374564237
0.895373377171472473
-1.231773603368971237
-0.029248698501912251
0.776391777077675371
1.018584333889024141
-0.994882382328592385
0.156709079175708421
0.900303063780786283
1.141795290606576030
-0.764848353361549993
0.338024487344344537
1.024214350483898528
1.265006247324128585
-0.541671516467848946
0.514697526003993211
1.148125637187009662
1.388217204041680253
-0.325351871647484359
0.686728195154657328
1.272036923890121685
1.511428160759233252
-0.115889418900460672
0.854116494796334003
1.395948210593232819
1.634639117476784920
0.086715841773224334
1.016862424929024344
1.519859497296343953
1.757850074194336587
0.282463910373572435
1.174965985552730574
1.643770783999455976
1.881061030911889587
0.471354786900580081
1.328427176667449139
1.767682070702567110
2.004271987629441476
0.653388471354250377
1.477245998273182703
1.891593357405679132
2.127482944346994476
0.828564963734580218
1.621422450369929269
2.015504644108790266
2.250693901064546143

0.707299661093167775
0.668612458563794698
0.640496625453109369
0.659987836900928326
0.723998652020019562
0.678694063244476342
0.647651733062365009
0.663482585247915035
0.740807407407981455
0.688826108781639301
0.654838157128883713
0.666986304265726249
0.757718622454073398
0.699006401769392993
0.662054877858794577
0.670498853324561495
0.774725587518765524
0.709232864586318734
0.669300915233721816
0.674020094375350598
0.791822132993470040
0.719503528569123030
0.676575327321485398
0.677549891900711576
0.809002579624931939
0.729816527599165932
0.683877208655951585
0.681088112866668705
0.826261693763358895
0.740170092080037811
0.691205688684157216
0.684634626675133195
0.843594647043844681
0.750562543284716055
0.698559930278732422
0.688189305117147709
0.860996980053238992
0.760992288051365762
0.705939128313566644
0.691752022326896476
0.878464569575802656
0.771457813807512216
0.713342508300614520
0.695322654736478585
0.866185764012418979
0.764817890285020119
0.706295801432465731
0.688193853282517809
0.853938587435367658
0.758192135915976673
0.699270965820531165
0.681097167471695242
0.841724420460758682
0.751580925435891833
0.692268667284574146
0.674033611710992520
0.829544721184123035
0.744984646044971499
0.685289596677401303
0.667004238540081951
0.817401030366639914
0.738403697888811106
0.678334470943739554
0.660010140134813184

0.0491925-sqrt(+0.001082186978386069*X(:,1)^2+1.13516804505639e-06*X(:,2)^2+2.4772471697572857e-09*X(:,3)^2+3.887027858904806e-12*X(:,4)^2)
0.06-sqrt(+0.00019317689187346677*X(:,1)^2+1.5524814089574878e-06*X(:,2)^2+3.8663141691568484e-09*X(:,3)^2+1.8680916829714867e-11*X(:,4)^2)
0.06-sqrt(+3.729370271841772e-05*X(:,1)^2+9.11398932389811e-08*X(:,2)^2+8.30061488904499e-09*X(:,3)^2+1.440325772984607e-10*X(:,4)^2)
0.06-sqrt(+6.15064842214138e-05*X(:,1)^2+9.713753316372685e-07*X(:,2)^2+1.6094987506965898e-09*X(:,3)^2+1.7869362153209654e-10*X(:,4)^2)
0.06-sqrt(+2.548571077473199e-05*X(:,1)^2+1.0484760092374738e-06*X(:,2)^2+1.4117842622512675e-08*X(:,3)^2+5.867519166043091e-11*X(:,4)^2)
